387
366
264
242
402
261
369
293
347
342
340
465
382
296
320
335
373
242
331
326
466
500
984
354
334
241
310
336
328
740
504
423
339
245
469
444
355
389
432
450
425
408
458
329
254
402
474
394
303
319
317
566
484
342
246
311
409
375
265
274
393
439
417
344
600
442
240
324
336
325
348
353
369
306
315
389
351
347
355
387
345
263
313
318
421
354
310
337
416
331
356
313
348
339
396
298
411
335
258
405
245
450
315
377
393
283
377
390
262
346
327
312
336
402
362
282
303
478
324
342
342
331
252
406
320
386
363
334
300
338
430
332
267
329
411
396
280
369
429
281
375
352
294
415
417
476
316
243
385
359
285
325
401
376
336
352
323
322
334
341
330
329
325
299
374
344
403
350
398
311
318
351
329
333
322
349
325
379
269
360
385
304
346
326
351
341
433
333
319
353
325
326
413
361
349
431
341
322
361
347
324
331
376
335
319
347
338
341
338
438
343
301
337
320
336
372
430
315
339
348
320
333
390
313
327
404
297
348
463
239
370
338
323
396
433
349
282
357
372
313
336
327
343
313
381
304
417
407
308
326
262
395
361
325
321
321
