round 1 : [100, 26, 1, 207, 53, 95, 89, 142, 10, 235, 251, 143, 171, 252, 213, 78]
round 2 : [214, 25, 46, 173, 227, 70, 119, 35, 233, 173, 140, 172, 66, 81, 89, 226]
round 3 : [3, 210, 182, 129, 224, 148, 193, 162, 9, 57, 77, 14, 75, 104, 20, 236]
round 4 : [78, 40, 120, 50, 174, 188, 185, 144, 167, 133, 244, 158, 236, 237, 224, 114]
round 5 : [11, 201, 56, 252, 165, 117, 129, 108, 2, 240, 117, 242, 238, 29, 149, 128]
round 6 : [143, 227, 245, 212, 42, 150, 116, 184, 40, 102, 1, 74, 198, 123, 148, 202]
round 7 : [238, 193, 129, 96, 196, 87, 245, 216, 236, 49, 244, 146, 42, 74, 96, 88]
round 8 : [184, 17, 235, 133, 124, 70, 30, 93, 144, 119, 234, 207, 186, 61, 138, 151]
round 9 : [132, 111, 99, 113, 248, 41, 125, 44, 104, 94, 151, 227, 210, 99, 29, 116]
round 10 : [73, 203, 241, 196, 177, 226, 140, 232, 217, 188, 27, 11, 11, 223, 6, 127]
